1000
73 94 6
60 81 83
33 36 11
38 91 22
38 31 43
92 4 28
99 26 64
79 6 20
52 68 7
89 48 39
75 52 73
52 56 84
33 17 14
61 89 91
30 94 18
61 87 41
51 34 61
12 72 15
81 3 94
73 44 1
38 13 25
55 84 13
51 66 33
43 41 16
19 59 93
68 88 23
52 23 15
100 6 94
17 46 54
11 45 47
75 93 5
76 77 73
90 48 65
10 72 100
6 74 68
15 28 37
61 9 64
65 48 46
29 71 99
100 61 33
41 35 64
34 38 11
82 87 30
9 78 90
13 62 100
17 63 22
56 44 57
98 96 13
82 89 7
31 46 91
57 75 18
68 23 92
78 3 72
41 32 82
58 18 38
6 12 13
71 35 27
95 53 33
12 25 45
4 62 87
62 17 11
2 21 41
34 66 96
82 2 69
15 40 98
93 37 34
59 83 100
1 22 6
82 65 54
38 87 35
55 82 21
97 82 93
29 75 87
30 29 57
0 55 55
75 30 25
33 20 79
17 78 67
39 68 98
37 43 86
78 53 78
2 76 15
17 43 82
33 6 28
85 9 98
86 33 83
32 96 39
77 28 9
49 22 17
24 8 15
86 89 75
8 3 76
76 87 22
55 68 37
51 76 26
83 41 63
91 10 23
93 40 71
55 80 45
52 27 39
91 77 4
18 66 28
38 92 85
35 35 60
43 82 22
66 75 25
4 38 5
11 32 65
91 2 82
12 59 63
20 46 63
76 86 17
7 52 33
99 70 27
90 47 68
26 91 40
81 4 75
7 78 53
46 71 15
69 62 92
1 94 5
10 32 14
8 67 44
43 58 83
49 97 30
43 97 35
18 56 55
42 93 80
7 68 97
85 86 56
94 20 21
79 26 26
32 38 20
53 5 47
72 40 83
90 70 34
37 54 52
73 43 35
3 38 18
53 100 79
0 20 21
13 15 75
69 25 52
95 88 7
16 79 40
53 89 74
35 16 42
4 79 33
51 36 99
58 90 100
25 93 2
4 8 40
21 53 4
85 85 71
71 59 9
68 31 60
77 83 32
25 76 48
55 98 32
13 68 39
64 85 30
100 47 93
95 11 94
34 78 21
36 98 27
78 23 25
30 60 84
81 38 43
24 29 11
87 78 17
23 35 44
27 81 7
84 90 1
10 28 72
61 65 100
75 53 41
53 66 72
52 29 5
6 36 66
63 75 34
74 35 91
40 87 59
95 52 21
67 67 62
63 73 6
11 99 88
27 23 13
62 18 5
75 96 31
65 89 98
56 87 92
60 100 78
20 71 63
66 90 100
83 77 98
59 31 96
44 52 32
23 3 100
18 95 60
100 45 18
55 94 27
28 14 70
60 2 68
96 10 58
57 41 42
65 83 43
31 43 35
17 73 94
68 47 78
60 34 72
79 48 76
44 71 96
11 78 3
91 83 54
60 38 13
1 23 28
34 27 91
63 5 13
20 73 91
3 40 45
69 26 21
54 84 77
93 21 57
90 93 62
14 33 90
87 37 94
10 36 76
2 9 3
84 32 46
92 80 87
4 95 82
48 39 20
16 96 54
25 43 87
54 12 86
59 75 48
15 73 20
57 14 13
19 80 12
98 28 93
98 55 70
17 81 100
95 62 96
98 29 77
8 92 17
55 58 79
13 15 91
79 87 63
87 20 40
78 100 69
91 54 60
55 32 37
54 7 5
97 40 45
50 69 97
47 92 81
4 17 11
44 27 57
53 22 1
44 95 98
98 85 64
99 58 92
1 97 39
4 64 27
53 77 48
47 32 85
33 39 73
38 20 36
71 87 7
12 55 55
38 55 3
76 70 22
11 45 87
93 81 97
58 27 76
84 74 99
91 35 47
34 44 71
21 52 78
81 88 84
43 89 76
7 56 41
88 58 41
94 73 33
95 82 27
42 62 90
59 75 32
32 43 54
34 74 94
20 39 43
37 87 64
4 57 29
67 14 93
14 65 87
72 68 30
55 71 46
95 23 15
7 55 85
6 57 10
57 85 91
75 76 37
63 93 100
7 13 96
43 19 26
100 9 27
91 10 57
65 18 82
52 22 97
72 96 80
49 35 2
16 54 82
38 3 52
88 55 34
71 52 15
61 11 30
85 93 63
17 75 28
41 31 52
7 62 58
29 25 59
30 9 85
100 97 2
28 37 95
21 99 3
77 83 58
29 21 89
65 88 97
48 48 69
74 29 63
66 22 24
7 84 22
100 64 45
52 71 98
44 19 7
50 66 61
85 74 65
66 19 66
75 83 75
96 97 9
79 94 60
75 55 81
22 45 39
58 86 97
82 20 52
15 100 82
76 85 40
19 95 1
74 98 45
79 88 11
62 90 75
95 21 59
37 26 33
19 7 99
52 36 12
9 76 39
85 12 5
97 88 98
14 81 78
82 24 95
35 9 73
69 82 83
5 66 37
80 5 56
31 37 19
35 57 4
49 11 58
15 29 66
15 14 85
54 53 91
76 7 28
83 62 4
3 98 22
98 6 75
29 21 13
43 30 26
24 84 57
46 60 37
2 42 20
74 77 38
90 14 81
90 72 20
84 40 70
39 43 22
9 67 98
32 10 75
61 58 61
75 31 59
98 39 27
53 28 74
63 43 23
68 88 5
75 28 25
6 27 73
19 32 69
70 88 73
97 44 64
42 7 15
13 63 44
61 34 14
70 29 55
83 21 71
29 42 62
3 19 75
83 88 33
41 48 10
2 86 38
41 88 72
6 90 7
81 38 96
91 41 56
0 54 4
80 25 64
97 69 86
6 23 99
33 12 86
89 21 73
57 59 38
19 15 33
55 94 1
88 17 98
23 65 87
34 92 69
2 48 25
33 29 79
24 64 84
6 53 79
1 81 66
31 10 68
36 12 28
54 8 62
47 27 8
81 30 41
98 69 74
47 71 80
49 60 88
30 25 5
4 80 61
35 87 31
91 65 22
68 55 29
70 67 75
53 80 34
92 7 98
30 5 55
31 40 41
47 66 45
16 39 79
51 32 31
51 52 94
59 46 2
89 74 71
10 33 21
19 25 7
85 73 67
14 60 30
23 79 47
0 10 42
95 85 81
96 46 59
75 91 13
70 70 72
36 69 53
90 58 66
90 98 72
45 3 87
58 99 46
1 74 53
36 98 30
100 37 76
77 97 48
18 89 10
24 66 29
35 81 8
70 35 42
30 61 23
23 60 91
83 27 46
95 29 87
56 83 72
62 59 95
14 19 22
9 67 78
17 6 40
16 53 10
56 92 59
5 47 66
60 57 42
7 33 36
54 18 72
40 67 34
62 87 92
76 58 19
28 88 81
10 33 56
35 72 76
41 5 75
80 65 25
98 80 87
67 60 99
11 5 82
57 64 92
100 55 38
39 62 19
34 59 57
13 17 1
80 15 95
8 61 3
25 18 17
8 44 91
29 37 5
19 53 6
77 75 53
86 15 32
90 24 63
17 17 24
97 16 13
80 80 99
10 5 43
80 53 38
47 52 75
100 31 11
59 89 41
63 90 6
53 70 66
73 41 26
52 27 3
97 37 34
27 23 72
82 86 16
41 85 26
64 16 62
75 33 74
100 66 13
16 5 23
51 46 69
40 29 7
90 63 36
23 68 11
77 46 98
30 64 56
53 6 61
100 17 30
13 78 5
70 91 100
7 29 92
55 12 25
47 66 68
34 64 3
80 70 89
20 46 23
100 89 96
22 97 31
93 54 6
28 100 1
29 81 85
62 57 13
47 88 38
55 37 9
61 11 97
89 8 11
100 68 14
80 94 17
87 63 16
19 77 72
25 55 35
29 2 60
12 3 26
96 31 25
67 43 20
60 52 78
44 65 58
58 12 24
70 15 34
48 64 69
86 41 9
61 63 52
50 96 59
58 20 22
93 73 87
55 55 17
100 87 47
52 68 11
2 100 54
30 74 67
99 62 71
45 24 72
64 38 29
40 31 94
61 71 58
38 4 1
11 73 54
71 28 11
46 4 73
20 60 75
84 1 80
96 55 72
77 76 20
22 21 46
16 20 13
6 54 76
31 47 82
84 58 8
91 63 85
73 35 23
57 76 70
6 56 93
43 47 33
31 80 31
29 23 13
21 80 63
27 61 19
4 99 34
10 67 92
98 31 67
11 72 92
66 89 30
78 12 41
16 86 48
97 44 60
79 13 6
51 22 21
8 2 87
49 37 81
53 85 73
94 29 61
86 82 81
38 13 28
21 17 22
52 20 71
7 29 86
49 79 11
66 43 12
2 72 59
100 27 67
71 81 41
44 4 23
79 100 64
37 56 98
100 1 1
32 46 61
31 15 100
47 85 3
20 98 70
76 9 32
21 61 42
31 30 58
38 15 17
79 37 2
74 86 76
32 74 85
60 4 61
45 4 63
0 42 24
93 24 72
92 82 14
3 89 85
40 9 35
100 60 84
38 42 11
13 69 20
30 5 25
41 26 27
30 44 90
91 77 63
42 12 84
99 35 58
69 96 28
24 60 67
49 73 97
65 42 19
100 89 76
78 13 34
80 33 25
56 6 32
31 9 91
64 88 26
65 81 74
40 5 31
17 37 79
90 77 46
93 5 46
99 8 69
10 19 4
29 16 45
19 78 93
85 2 99
38 6 39
46 13 25
43 82 18
50 91 58
11 99 92
94 6 97
89 80 48
31 9 89
19 87 86
23 7 39
48 100 7
15 81 30
41 87 80
58 91 89
74 83 52
48 77 79
84 75 56
4 99 54
88 64 68
30 64 33
17 53 33
25 12 74
7 84 93
38 96 19
2 20 12
37 2 41
30 65 81
30 41 28
2 98 62
51 37 95
27 5 38
30 86 56
12 85 59
100 76 79
20 56 69
0 99 43
20 94 40
73 66 59
23 24 41
38 10 22
15 70 53
49 42 78
68 45 5
94 41 86
61 30 32
29 94 95
45 39 5
26 20 90
21 6 39
4 47 5
28 46 55
8 87 8
70 72 24
14 10 10
64 76 28
32 47 87
51 7 31
35 8 16
91 2 12
36 67 58
13 99 9
95 61 13
86 92 88
44 88 41
3 22 39
41 20 71
28 44 77
25 54 15
37 73 10
31 90 6
32 14 83
60 5 38
95 11 94
55 4 97
22 4 96
4 47 1
42 8 52
74 13 7
41 58 27
47 2 34
12 9 17
75 9 23
87 21 91
77 31 9
6 97 77
52 10 20
57 28 81
17 52 13
14 84 31
6 54 76
54 70 59
62 67 78
1 69 27
33 61 4
27 97 67
53 48 96
33 44 96
54 13 86
84 79 77
45 70 62
4 84 60
4 90 64
52 33 14
12 8 16
78 56 13
20 28 98
42 33 100
53 61 85
63 47 47
43 44 59
64 96 55
87 22 56
48 62 3
42 93 63
8 64 34
58 20 9
91 47 20
15 12 1
84 18 41
17 36 76
21 88 44
14 63 94
16 97 9
90 69 60
45 94 28
39 39 55
67 94 53
54 72 3
25 2 9
85 55 91
91 59 33
3 75 98
2 64 93
37 87 8
55 93 15
92 3 36
55 47 53
79 74 13
91 22 82
69 96 3
59 72 79
91 74 34
78 28 15
50 78 61
24 98 37
4 1 83
74 3 72
29 11 42
88 98 54
72 45 65
76 27 10
87 28 17
48 38 28
1 23 57
75 97 59
16 58 42
73 7 6
25 25 97
0 65 91
37 59 59
44 26 6
79 7 62
15 72 4
99 92 73
72 73 82
59 96 91
48 46 58
68 94 26
61 95 87
96 23 79
91 63 31
26 54 1
50 58 100
7 54 41
100 91 18
46 74 16
97 14 17
35 99 22
85 33 65
14 58 26
37 24 17
4 25 17
83 77 15
21 89 97
33 35 34
44 35 57
64 25 83
29 90 66
94 30 5
32 68 96
82 94 57
19 23 85
16 35 59
34 99 40
48 55 54
46 100 80
72 21 28
16 11 38
54 99 95
82 55 91
22 89 58
17 32 44
79 91 11
23 58 58
61 6 25
47 27 41
56 57 34
16 46 80
50 95 41
67 19 16
22 14 70
34 5 87
73 91 41
13 46 10
98 23 27
82 47 30
11 30 40
82 56 91
9 10 84
80 78 67
16 86 46
61 85 22
79 31 94
72 15 93
86 75 33
56 22 38
84 38 75
26 26 94
71 75 25
63 38 11
10 86 69
47 53 21
16 12 2
13 98 74
52 39 2
15 74 4
7 95 21
8 100 13
13 55 55
79 40 83
80 60 28
75 37 68
42 13 34
13 62 69
94 13 95
59 60 85
3 83 27
36 42 44
34 16 89
18 75 8
21 28 21
5 4 81
42 91 58
94 24 53
82 70 56
23 74 80
80 32 67
81 40 43
36 4 21
71 86 34
34 44 91
38 27 52
99 99 99
53 3 4
1 7 59
36 41 40
2 96 76
55 48 15
34 72 48
8 47 90
17 2 33
44 5 97
75 36 52
85 13 84
70 100 38
10 37 85
99 97 98
50 36 93
100 63 3
89 11 13
86 67 92
52 60 75
75 56 53
79 4 33
4 42 74
100 26 16
16 66 96
54 84 33
91 24 30
68 13 87
67 53 15
5 36 8
29 36 86
7 52 70
75 23 60
90 69 64
38 2 57
89 84 47
23 36 86
55 82 52
8 78 93
17 8 18
52 79 8
40 29 19
33 56 65
22 64 65
18 69 54
81 64 71
60 98 27
70 16 5
73 32 97
28 89 30
80 22 42
79 12 10
